000: 00 00 00 00 00 00 00 00 00 00 00 00 00 00 00 00 
010: 00 00 00 00 00 00 00 00 00 00 00 00 00 00 00 00 
020: 00 00 00 00 00 00 00 00 00 00 00 00 00 00 00 00 
030: 00 00 00 00 00 00 00 00 00 00 00 00 00 00 00 00 
040: 00 00 00 00 00 00 00 00 00 00 00 00 00 00 00 00 
050: 00 00 00 00 00 00 00 00 00 00 00 00 00 00 00 00 
060: 00 00 00 00 00 00 00 00 00 00 00 00 00 00 00 00 
070: 00 00 00 00 00 00 00 00 00 00 00 00 00 00 00 00 
080: 00 00 00 00 00 00 00 00 00 00 00 00 00 00 00 00 
090: 00 00 00 00 00 00 00 00 00 00 00 00 00 00 00 00 
0A0: 00 00 00 00 00 00 00 00 00 00 00 00 00 00 00 00 
0B0: 00 00 00 00 00 00 00 00 00 00 00 00 00 00 00 00 
0C0: 00 00 00 00 00 00 00 00 00 00 00 00 00 00 00 00 
0D0: 00 00 00 00 00 00 00 00 00 00 00 00 00 00 00 00 
0E0: 00 00 00 00 00 00 00 00 00 00 00 00 00 00 00 00 
0F0: 00 00 00 00 00 00 00 00 00 00 00 00 00 00 00 00 
100: 00 00 00 00 00 00 00 00 00 00 00 00 00 00 00 00 
110: 00 00 00 00 00 00 00 00 00 00 00 00 00 00 00 00 
120: 00 00 00 00 00 00 00 00 00 00 00 00 00 00 00 00 
130: 00 00 00 00 00 00 00 00 00 00 00 00 00 00 00 00 
140: 00 00 00 00 00 00 00 00 00 00 00 00 00 00 00 00 
150: 00 00 00 00 00 00 00 00 00 00 00 00 00 00 00 00 
160: 00 00 00 00 00 00 00 00 00 00 00 00 00 00 00 00 
170: 00 00 00 00 00 00 00 00 00 00 00 00 00 00 00 00 
180: 00 00 00 00 00 00 00 00 00 00 00 00 00 00 00 00 
190: 00 00 00 00 00 00 00 00 00 00 00 00 00 00 00 00 
1A0: 00 00 00 00 00 00 00 00 00 00 00 00 00 00 00 00 
1B0: 00 00 00 00 00 00 00 00 00 00 00 00 00 00 00 00 
1C0: 00 00 00 00 00 00 00 00 00 00 00 00 00 00 00 00 
1D0: 00 00 00 00 00 00 00 00 00 00 00 00 00 00 00 00 
1E0: 00 00 00 00 00 00 00 00 00 00 00 00 00 00 00 00 
1F0: 00 00 00 00 00 00 00 00 00 00 00 00 00 00 00 00 
200: 12 05 43 38 50 60 00 85 00 C0 38 81 50 A5 B0 F1 
210: 1E F0 55 60 00 85 00 C0 18 81 50 A5 B8 F1 1E F0 
220: 55 60 00 A5 B0 F0 1E F0 65 8A 00 60 00 A5 B8 F0 
230: 1E F0 65 8B 00 60 00 A5 80 F0 1E DA B8 60 01 A5 
240: C2 F0 55 60 07 A5 C4 F0 55 A5 C2 F0 65 85 00 C0 
250: 38 81 50 A5 B0 F1 1E F0 55 60 00 A5 C1 F0 55 A5 
260: C2 F0 65 85 00 60 01 81 00 80 50 80 15 A5 C6 F0 
270: 55 A5 C2 F0 65 A5 B0 F0 1E F0 65 85 00 A5 C1 F0 
280: 65 A5 B0 F0 1E F0 65 86 00 60 08 81 00 80 60 80 
290: 14 81 00 80 50 82 00 80 15 80 20 3F 00 12 DB A5 
2A0: C2 F0 65 A5 B0 F0 1E F0 65 85 00 A5 C1 F0 65 A5 
2B0: B0 F0 1E F0 65 86 00 60 08 81 00 80 60 80 15 81 
2C0: 00 80 50 82 10 81 05 81 20 3F 00 12 D5 60 01 A5 
2D0: C3 F0 55 12 DB 60 00 A5 C3 F0 55 A5 C1 F0 65 85 
2E0: 00 A5 C6 F0 65 81 00 80 50 82 10 81 05 81 20 90 
2F0: 10 6F 00 3F 01 13 01 A5 C1 F0 65 70 01 F0 55 12 
300: 71 A5 C3 F0 65 85 00 60 01 81 50 50 10 6F 01 3F 
310: 00 13 23 A5 C2 F0 65 85 00 C0 78 81 50 A5 B0 F1 
320: 1E F0 55 A5 C3 F0 65 85 00 60 00 81 50 50 10 6F 
330: 01 90 10 6F 00 3F 00 12 59 A5 C2 F0 65 85 00 C0 
340: 18 81 50 A5 B8 F1 1E F0 55 60 00 A5 C1 F0 55 A5 
350: C2 F0 65 85 00 60 01 81 00 80 50 80 15 A5 C6 F0 
360: 55 A5 C2 F0 65 A5 B8 F0 1E F0 65 85 00 A5 C1 F0 
370: 65 A5 B8 F0 1E F0 65 86 00 60 08 81 00 80 60 80 
380: 14 81 00 80 50 82 00 80 15 80 20 3F 00 13 CB A5 
390: C2 F0 65 A5 B8 F0 1E F0 65 85 00 A5 C1 F0 65 A5 
3A0: B8 F0 1E F0 65 86 00 60 08 81 00 80 60 80 15 81 
3B0: 00 80 50 82 10 81 05 81 20 3F 00 13 C5 60 01 A5 
3C0: C3 F0 55 13 CB 60 00 A5 C3 F0 55 A5 C1 F0 65 85 
3D0: 00 A5 C6 F0 65 81 00 80 50 82 10 81 05 81 20 90 
3E0: 10 6F 00 3F 01 13 F1 A5 C1 F0 65 70 01 F0 55 13 
3F0: 61 A5 C3 F0 65 85 00 60 01 81 50 50 10 6F 01 3F 
400: 00 14 13 A5 C2 F0 65 85 00 C0 18 81 50 A5 B8 F1 
410: 1E F0 55 A5 C3 F0 65 85 00 60 00 81 50 50 10 6F 
420: 01 90 10 6F 00 3F 00 13 49 A5 C2 F0 65 A5 B0 F0 
430: 1E F0 65 8A 00 A5 C2 F0 65 A5 B8 F0 1E F0 65 8B 
440: 00 60 00 A5 80 F0 1E DA B8 A5 C2 F0 65 85 00 A5 
450: C4 F0 65 81 00 80 50 82 10 81 05 81 20 90 10 6F 
460: 00 3F 01 14 6F A5 C2 F0 65 70 01 F0 55 12 49 C0 
470: 07 A5 C0 F0 55 A5 C0 F0 65 A5 B0 F0 1E F0 65 8A 
480: 00 A5 C0 F0 65 A5 B8 F0 1E F0 65 8B 00 A5 C0 F0 
490: 65 A5 A8 F0 1E F0 65 A5 80 F0 1E F0 65 DA B8 60 
4A0: 0A F0 15 A5 C0 F0 65 85 00 A5 C0 F0 65 A5 A8 F0 
4B0: 1E F0 65 86 00 60 08 81 00 80 60 80 14 81 50 A5 
4C0: A8 F1 1E F0 55 A5 C0 F0 65 A5 A8 F0 1E F0 65 85 
4D0: 00 60 20 81 00 80 50 82 10 81 05 81 20 3F 00 14 
4E0: F1 A5 C0 F0 65 85 00 60 00 81 50 A5 A8 F1 1E F0 
4F0: 55 A5 C0 F0 65 85 00 60 32 81 50 50 10 6F 01 90 
500: 10 6F 00 3F 00 14 6F 15 07 81 00 A5 C7 62 01 8E 
510: 25 FE 1E F0 65 00 EE 62 01 63 00 83 04 81 25 31 
520: 00 15 1B 80 30 00 EE A5 C7 FE 1E F6 55 66 00 82 
530: 00 82 15 3F 01 15 53 83 00 83 06 84 10 65 01 82 
540: 30 82 45 3F 01 15 4D 84 0E 85 0E 15 3F 80 45 86 
550: 54 15 2F F5 65 80 60 00 EE 82 00 80 15 3F 00 15 
560: 59 80 20 00 EE A5 7D F0 33 F2 65 F0 29 D3 45 73 
570: 06 F1 29 D3 45 73 06 F2 29 D3 45 00 EE 28 63 29 
580: 00 00 00 10 00 00 00 00 00 00 38 28 38 00 00 00 
590: 00 54 00 44 00 54 00 00 92 00 00 82 00 00 92 00 
5A0: 92 54 38 FE 38 54 92 00 08 08 08 08 08 08 08 08 
5B0: 00 00 00 00 00 00 00 00 00 00 00 00 00 00 00 00 
5C0: 00 00 00 00 00 00 00 00 00 00 00 00 00 00 00 00 
5D0: 00 00 00 00 00 00 00 00 00 00 00 00 00 00 00 00 
5E0: 00 00 00 00 00 00 00 00 00 00 00 00 00 00 00 00 
5F0: 00 00 00 00 00 00 00 00 00 00 00 00 00 00 00 00 
600: 00 00 00 00 00 00 00 00 00 00 00 00 00 00 00 00 
610: 00 00 00 00 00 00 00 00 00 00 00 00 00 00 00 00 
620: 00 00 00 00 00 00 00 00 00 00 00 00 00 00 00 00 
630: 00 00 00 00 00 00 00 00 00 00 00 00 00 00 00 00 
640: 00 00 00 00 00 00 00 00 00 00 00 00 00 00 00 00 
650: 00 00 00 00 00 00 00 00 00 00 00 00 00 00 00 00 
660: 00 00 00 00 00 00 00 00 00 00 00 00 00 00 00 00 
670: 00 00 00 00 00 00 00 00 00 00 00 00 00 00 00 00 
680: 00 00 00 00 00 00 00 00 00 00 00 00 00 00 00 00 
690: 00 00 00 00 00 00 00 00 00 00 00 00 00 00 00 00 
6A0: 00 00 00 00 00 00 00 00 00 00 00 00 00 00 00 00 
6B0: 00 00 00 00 00 00 00 00 00 00 00 00 00 00 00 00 
6C0: 00 00 00 00 00 00 00 00 00 00 00 00 00 00 00 00 
6D0: 00 00 00 00 00 00 00 00 00 00 00 00 00 00 00 00 
6E0: 00 00 00 00 00 00 00 00 00 00 00 00 00 00 00 00 
6F0: 00 00 00 00 00 00 00 00 00 00 00 00 00 00 00 00 
700: 00 00 00 00 00 00 00 00 00 00 00 00 00 00 00 00 
710: 00 00 00 00 00 00 00 00 00 00 00 00 00 00 00 00 
720: 00 00 00 00 00 00 00 00 00 00 00 00 00 00 00 00 
730: 00 00 00 00 00 00 00 00 00 00 00 00 00 00 00 00 
740: 00 00 00 00 00 00 00 00 00 00 00 00 00 00 00 00 
750: 00 00 00 00 00 00 00 00 00 00 00 00 00 00 00 00 
760: 00 00 00 00 00 00 00 00 00 00 00 00 00 00 00 00 
770: 00 00 00 00 00 00 00 00 00 00 00 00 00 00 00 00 
780: 00 00 00 00 00 00 00 00 00 00 00 00 00 00 00 00 
790: 00 00 00 00 00 00 00 00 00 00 00 00 00 00 00 00 
7A0: 00 00 00 00 00 00 00 00 00 00 00 00 00 00 00 00 
7B0: 00 00 00 00 00 00 00 00 00 00 00 00 00 00 00 00 
7C0: 00 00 00 00 00 00 00 00 00 00 00 00 00 00 00 00 
7D0: 00 00 00 00 00 00 00 00 00 00 00 00 00 00 00 00 
7E0: 00 00 00 00 00 00 00 00 00 00 00 00 00 00 00 00 
7F0: 00 00 00 00 00 00 00 00 00 00 00 00 00 00 00 00 
800: 00 00 00 00 00 00 00 00 00 00 00 00 00 00 00 00 
810: 00 00 00 00 00 00 00 00 00 00 00 00 00 00 00 00 
820: 00 00 00 00 00 00 00 00 00 00 00 00 00 00 00 00 
830: 00 00 00 00 00 00 00 00 00 00 00 00 00 00 00 00 
840: 00 00 00 00 00 00 00 00 00 00 00 00 00 00 00 00 
850: 00 00 00 00 00 00 00 00 00 00 00 00 00 00 00 00 
860: 00 00 00 00 00 00 00 00 00 00 00 00 00 00 00 00 
870: 00 00 00 00 00 00 00 00 00 00 00 00 00 00 00 00 
880: 00 00 00 00 00 00 00 00 00 00 00 00 00 00 00 00 
890: 00 00 00 00 00 00 00 00 00 00 00 00 00 00 00 00 
8A0: 00 00 00 00 00 00 00 00 00 00 00 00 00 00 00 00 
8B0: 00 00 00 00 00 00 00 00 00 00 00 00 00 00 00 00 
8C0: 00 00 00 00 00 00 00 00 00 00 00 00 00 00 00 00 
8D0: 00 00 00 00 00 00 00 00 00 00 00 00 00 00 00 00 
8E0: 00 00 00 00 00 00 00 00 00 00 00 00 00 00 00 00 
8F0: 00 00 00 00 00 00 00 00 00 00 00 00 00 00 00 00 
900: 00 00 00 00 00 00 00 00 00 00 00 00 00 00 00 00 
910: 00 00 00 00 00 00 00 00 00 00 00 00 00 00 00 00 
920: 00 00 00 00 00 00 00 00 00 00 00 00 00 00 00 00 
930: 00 00 00 00 00 00 00 00 00 00 00 00 00 00 00 00 
940: 00 00 00 00 00 00 00 00 00 00 00 00 00 00 00 00 
950: 00 00 00 00 00 00 00 00 00 00 00 00 00 00 00 00 
960: 00 00 00 00 00 00 00 00 00 00 00 00 00 00 00 00 
970: 00 00 00 00 00 00 00 00 00 00 00 00 00 00 00 00 
980: 00 00 00 00 00 00 00 00 00 00 00 00 00 00 00 00 
990: 00 00 00 00 00 00 00 00 00 00 00 00 00 00 00 00 
9A0: 00 00 00 00 00 00 00 00 00 00 00 00 00 00 00 00 
9B0: 00 00 00 00 00 00 00 00 00 00 00 00 00 00 00 00 
9C0: 00 00 00 00 00 00 00 00 00 00 00 00 00 00 00 00 
9D0: 00 00 00 00 00 00 00 00 00 00 00 00 00 00 00 00 
9E0: 00 00 00 00 00 00 00 00 00 00 00 00 00 00 00 00 
9F0: 00 00 00 00 00 00 00 00 00 00 00 00 00 00 00 00 
A00: 00 00 00 00 00 00 00 00 00 00 00 00 00 00 00 00 
A10: 00 00 00 00 00 00 00 00 00 00 00 00 00 00 00 00 
A20: 00 00 00 00 00 00 00 00 00 00 00 00 00 00 00 00 
A30: 00 00 00 00 00 00 00 00 00 00 00 00 00 00 00 00 
A40: 00 00 00 00 00 00 00 00 00 00 00 00 00 00 00 00 
A50: 00 00 00 00 00 00 00 00 00 00 00 00 00 00 00 00 
A60: 00 00 00 00 00 00 00 00 00 00 00 00 00 00 00 00 
A70: 00 00 00 00 00 00 00 00 00 00 00 00 00 00 00 00 
A80: 00 00 00 00 00 00 00 00 00 00 00 00 00 00 00 00 
A90: 00 00 00 00 00 00 00 00 00 00 00 00 00 00 00 00 
AA0: 00 00 00 00 00 00 00 00 00 00 00 00 00 00 00 00 
AB0: 00 00 00 00 00 00 00 00 00 00 00 00 00 00 00 00 
AC0: 00 00 00 00 00 00 00 00 00 00 00 00 00 00 00 00 
AD0: 00 00 00 00 00 00 00 00 00 00 00 00 00 00 00 00 
AE0: 00 00 00 00 00 00 00 00 00 00 00 00 00 00 00 00 
AF0: 00 00 00 00 00 00 00 00 00 00 00 00 00 00 00 00 
B00: 00 00 00 00 00 00 00 00 00 00 00 00 00 00 00 00 
B10: 00 00 00 00 00 00 00 00 00 00 00 00 00 00 00 00 
B20: 00 00 00 00 00 00 00 00 00 00 00 00 00 00 00 00 
B30: 00 00 00 00 00 00 00 00 00 00 00 00 00 00 00 00 
B40: 00 00 00 00 00 00 00 00 00 00 00 00 00 00 00 00 
B50: 00 00 00 00 00 00 00 00 00 00 00 00 00 00 00 00 
B60: 00 00 00 00 00 00 00 00 00 00 00 00 00 00 00 00 
B70: 00 00 00 00 00 00 00 00 00 00 00 00 00 00 00 00 
B80: 00 00 00 00 00 00 00 00 00 00 00 00 00 00 00 00 
B90: 00 00 00 00 00 00 00 00 00 00 00 00 00 00 00 00 
BA0: 00 00 00 00 00 00 00 00 00 00 00 00 00 00 00 00 
BB0: 00 00 00 00 00 00 00 00 00 00 00 00 00 00 00 00 
BC0: 00 00 00 00 00 00 00 00 00 00 00 00 00 00 00 00 
BD0: 00 00 00 00 00 00 00 00 00 00 00 00 00 00 00 00 
BE0: 00 00 00 00 00 00 00 00 00 00 00 00 00 00 00 00 
BF0: 00 00 00 00 00 00 00 00 00 00 00 00 00 00 00 00 
C00: 00 00 00 00 00 00 00 00 00 00 00 00 00 00 00 00 
C10: 00 00 00 00 00 00 00 00 00 00 00 00 00 00 00 00 
C20: 00 00 00 00 00 00 00 00 00 00 00 00 00 00 00 00 
C30: 00 00 00 00 00 00 00 00 00 00 00 00 00 00 00 00 
C40: 00 00 00 00 00 00 00 00 00 00 00 00 00 00 00 00 
C50: 00 00 00 00 00 00 00 00 00 00 00 00 00 00 00 00 
C60: 00 00 00 00 00 00 00 00 00 00 00 00 00 00 00 00 
C70: 00 00 00 00 00 00 00 00 00 00 00 00 00 00 00 00 
C80: 00 00 00 00 00 00 00 00 00 00 00 00 00 00 00 00 
C90: 00 00 00 00 00 00 00 00 00 00 00 00 00 00 00 00 
CA0: 00 00 00 00 00 00 00 00 00 00 00 00 00 00 00 00 
CB0: 00 00 00 00 00 00 00 00 00 00 00 00 00 00 00 00 
CC0: 00 00 00 00 00 00 00 00 00 00 00 00 00 00 00 00 
CD0: 00 00 00 00 00 00 00 00 00 00 00 00 00 00 00 00 
CE0: 00 00 00 00 00 00 00 00 00 00 00 00 00 00 00 00 
CF0: 00 00 00 00 00 00 00 00 00 00 00 00 00 00 00 00 
D00: 00 00 00 00 00 00 00 00 00 00 00 00 00 00 00 00 
D10: 00 00 00 00 00 00 00 00 00 00 00 00 00 00 00 00 
D20: 00 00 00 00 00 00 00 00 00 00 00 00 00 00 00 00 
D30: 00 00 00 00 00 00 00 00 00 00 00 00 00 00 00 00 
D40: 00 00 00 00 00 00 00 00 00 00 00 00 00 00 00 00 
D50: 00 00 00 00 00 00 00 00 00 00 00 00 00 00 00 00 
D60: 00 00 00 00 00 00 00 00 00 00 00 00 00 00 00 00 
D70: 00 00 00 00 00 00 00 00 00 00 00 00 00 00 00 00 
D80: 00 00 00 00 00 00 00 00 00 00 00 00 00 00 00 00 
D90: 00 00 00 00 00 00 00 00 00 00 00 00 00 00 00 00 
DA0: 00 00 00 00 00 00 00 00 00 00 00 00 00 00 00 00 
DB0: 00 00 00 00 00 00 00 00 00 00 00 00 00 00 00 00 
DC0: 00 00 00 00 00 00 00 00 00 00 00 00 00 00 00 00 
DD0: 00 00 00 00 00 00 00 00 00 00 00 00 00 00 00 00 
DE0: 00 00 00 00 00 00 00 00 00 00 00 00 00 00 00 00 
DF0: 00 00 00 00 00 00 00 00 00 00 00 00 00 00 00 00 
E00: 00 00 00 00 00 00 00 00 00 00 00 00 00 00 00 00 
E10: 00 00 00 00 00 00 00 00 00 00 00 00 00 00 00 00 
E20: 00 00 00 00 00 00 00 00 00 00 00 00 00 00 00 00 
E30: 00 00 00 00 00 00 00 00 00 00 00 00 00 00 00 00 
E40: 00 00 00 00 00 00 00 00 00 00 00 00 00 00 00 00 
E50: 00 00 00 00 00 00 00 00 00 00 00 00 00 00 00 00 
E60: 00 00 00 00 00 00 00 00 00 00 00 00 00 00 00 00 
E70: 00 00 00 00 00 00 00 00 00 00 00 00 00 00 00 00 
E80: 00 00 00 00 00 00 00 00 00 00 00 00 00 00 00 00 
E90: 00 00 00 00 00 00 00 00 00 00 00 00 00 00 00 00 
EA0: 00 00 00 00 00 00 00 00 00 00 00 00 00 00 00 00 
EB0: 00 00 00 00 00 00 00 00 00 00 00 00 00 00 00 00 
EC0: 00 00 00 00 00 00 00 00 00 00 00 00 00 00 00 00 
ED0: 00 00 00 00 00 00 00 00 00 00 00 00 00 00 00 00 
EE0: 00 00 00 00 00 00 00 00 00 00 00 00 00 00 00 00 
EF0: 00 00 00 00 00 00 00 00 00 00 00 00 00 00 00 00 
F00: 00 00 00 00 00 00 00 00 00 00 00 00 00 00 00 00 
F10: 00 00 00 00 00 00 00 00 00 00 00 00 00 00 00 00 
F20: 00 00 00 00 00 00 00 00 00 00 00 00 00 00 00 00 
F30: 00 00 00 00 00 00 00 00 00 00 00 00 00 00 00 00 
F40: 00 00 00 00 00 00 00 00 00 00 00 00 00 00 00 00 
F50: 00 00 00 00 00 00 00 00 00 00 00 00 00 00 00 00 
F60: 00 00 00 00 00 00 00 00 00 00 00 00 00 00 00 00 
F70: 00 00 00 00 00 00 00 00 00 00 00 00 00 00 00 00 
F80: 00 00 00 00 00 00 00 00 00 00 00 00 00 00 00 00 
F90: 00 00 00 00 00 00 00 00 00 00 00 00 00 00 00 00 
FA0: 00 00 00 00 00 00 00 00 00 00 00 00 00 00 00 00 
FB0: 00 00 00 00 00 00 00 00 00 00 00 00 00 00 00 00 
FC0: 00 00 00 00 00 00 00 00 00 00 00 00 00 00 00 00 
FD0: 00 00 00 00 00 00 00 00 00 00 00 00 00 00 00 00 
FE0: 00 00 00 00 00 00 00 00 00 00 00 00 00 00 00 00 
FF0: 00 00 00 00 00 00 00 00 00 00 00 00 00 00 00 00 
